CREATE TABLE ForeignExchange (
    FXID INT PRIMARY KEY,
    CustomerID INT,
    CurrencyPair VARCHAR(10) NOT NULL,         
    ExchangeRate DECIMAL(10, 4) NOT NULL,      
    AmountExchanged DECIMAL(15, 2) NOT NULL,    
    FOREIGN KEY (CustomerID) REFERENCES Customers(CustomerID)
);


INSERT INTO ForeignExchange (FXID, CustomerID, CurrencyPair, ExchangeRate, AmountExchanged) VALUES
(1, 51, 'USD/EUR', 0.9129, 28383.63),
(2, 78, 'USD/CHF', 0.9457, 48647.72),
(3, 13, 'USD/CHF', 0.9359, 42011.91),
(4, 68, 'AUD/USD', 0.6793, 33110.58),
(5, 45, 'GBP/JPY', 153.3053, 39120.72),
(6, 44, 'USD/JPY', 110.2464, 47037.8),
(7, 63, 'EUR/JPY', 128.849, 6753.34),
(8, 25, 'USD/CHF', 0.9761, 15335.08),
(9, 72, 'EUR/USD', 1.1397, 13031.77),
(10, 17, 'GBP/USD', 1.2792, 25541.35),
(11, 76, 'NZD/USD', 0.6286, 7521.88),
(12, 40, 'NZD/USD', 0.6842, 19715.79),
(13, 56, 'EUR/JPY', 130.2863, 12561.43),
(14, 45, 'USD/CAD', 1.2957, 31065.01),
(15, 98, 'USD/EUR', 0.8926, 14107.53),
(16, 38, 'USD/CAD', 1.2677, 8240.28),
(17, 19, 'GBP/USD', 1.2369, 39651.03),
(18, 84, 'USD/CHF', 0.9152, 47771.77),
(19, 98, 'GBP/USD', 1.2118, 40224.96),
(20, 26, 'NZD/USD', 0.6278, 39072.32),
(21, 66, 'EUR/JPY', 131.464, 44691.54),
(22, 75, 'GBP/USD', 1.2101, 42269.47),
(23, 45, 'USD/CAD', 1.2776, 29539.05),
(24, 56, 'GBP/JPY', 157.0905, 47122.3),
(25, 31, 'USD/EUR', 0.9052, 31121.23),
(26, 25, 'USD/EUR', 0.9007, 4644.86),
(27, 68, 'AUD/USD', 0.6653, 35000.32),
(28, 45, 'NZD/USD', 0.6546, 1046.34),
(29, 93, 'GBP/JPY', 151.5672, 22597.46),
(30, 76, 'AUD/USD', 0.6806, 41395.42),
(31, 20, 'GBP/JPY', 150.8714, 45046.98),
(32, 26, 'GBP/JPY', 152.4618, 40709.37),
(33, 74, 'USD/CHF', 0.9364, 21350.21),
(34, 17, 'AUD/USD', 0.6853, 17616.08),
(35, 85, 'USD/JPY', 111.3242, 7669.34),
(36, 57, 'EUR/USD', 1.1185, 3105.56),
(37, 51, 'NZD/USD', 0.6314, 30431.03),
(38, 26, 'EUR/JPY', 128.5883, 32862.69),
(39, 29, 'AUD/USD', 0.7078, 41347.81),
(40, 72, 'EUR/JPY', 132.431, 18361.37),
(41, 74, 'GBP/USD', 1.2911, 16615.23),
(42, 99, 'USD/CHF', 0.9067, 18223.62),
(43, 50, 'AUD/USD', 0.673, 31398.08),
(44, 68, 'USD/CAD', 1.3366, 33391.23),
(45, 94, 'USD/CAD', 1.2563, 39757.9),
(46, 7, 'GBP/USD', 1.2833, 47253.72),
(47, 40, 'EUR/JPY', 131.2564, 14687.3),
(48, 75, 'GBP/USD', 1.2207, 38108.21),
(49, 97, 'NZD/USD', 0.6064, 49927.43),
(50, 8, 'EUR/JPY', 132.8916, 17696.77),
(51, 53, 'USD/EUR', 0.9032, 14393.24),
(52, 18, 'EUR/JPY', 129.8451, 10932.35),
(53, 49, 'AUD/USD', 0.7184, 5635.41),
(54, 46, 'USD/EUR', 0.9438, 37854.79),
(55, 22, 'USD/JPY', 113.4794, 37434.24),
(56, 51, 'GBP/JPY', 157.7918, 28846.0),
(57, 80, 'GBP/JPY', 158.193, 20212.64),
(58, 49, 'AUD/USD', 0.665, 23585.78),
(59, 76, 'USD/JPY', 112.2449, 16199.12),
(60, 5, 'EUR/JPY', 131.3198, 28326.31),
(61, 64, 'NZD/USD', 0.6796, 1245.48),
(62, 77, 'EUR/JPY', 130.186, 9161.66),
(63, 52, 'AUD/USD', 0.6761, 22949.98),
(64, 78, 'USD/JPY', 114.3512, 16290.47),
(65, 75, 'NZD/USD', 0.6311, 11644.5),
(66, 74, 'NZD/USD', 0.6878, 27533.06),
(67, 47, 'AUD/USD', 0.7319, 25936.53),
(68, 86, 'USD/CAD', 1.3063, 2946.41),
(69, 68, 'GBP/JPY', 152.0907, 30193.47),
(70, 85, 'USD/JPY', 111.7438, 39493.84),
(71, 47, 'USD/JPY', 110.9416, 5991.9),
(72, 83, 'USD/JPY', 111.5376, 38782.07),
(73, 64, 'GBP/JPY', 159.8937, 44565.36),
(74, 64, 'USD/CAD', 1.2676, 42123.07),
(75, 16, 'NZD/USD', 0.6468, 4323.73),
(76, 2, 'EUR/USD', 1.0632, 13561.1),
(77, 43, 'USD/CHF', 0.9631, 38707.22),
(78, 53, 'AUD/USD', 0.7044, 46785.4),
(79, 15, 'USD/CAD', 1.2797, 885.36),
(80, 6, 'USD/CAD', 1.2772, 23598.41),
(81, 43, 'EUR/JPY', 132.5049, 37802.72),
(82, 88, 'USD/EUR', 0.8686, 34640.08),
(83, 82, 'USD/CAD', 1.3331, 30916.97),
(84, 13, 'AUD/USD', 0.694, 31099.11),
(85, 85, 'USD/CAD', 1.2878, 35302.71),
(86, 11, 'USD/JPY', 111.1081, 20693.33),
(87, 95, 'EUR/JPY', 130.9574, 39697.62),
(88, 71, 'USD/CAD', 1.2964, 36056.81),
(89, 41, 'USD/CAD', 1.3105, 16496.1),
(90, 99, 'AUD/USD', 0.6902, 46875.11),
(91, 33, 'NZD/USD', 0.6768, 11403.52),
(92, 40, 'USD/CHF', 0.9885, 27049.06),
(93, 65, 'USD/JPY', 110.0745, 16012.87),
(94, 72, 'USD/CHF', 0.9365, 32132.47),
(95, 22, 'NZD/USD', 0.6012, 47727.88),
(96, 16, 'EUR/JPY', 132.4644, 9285.48),
(97, 87, 'USD/CAD', 1.2901, 4177.94),
(98, 95, 'GBP/JPY', 152.4452, 39496.99),
(99, 5, 'EUR/JPY', 129.4992, 1031.09),
(100, 2, 'GBP/JPY', 156.527, 49896.3),
(101, 73, 'EUR/USD', 1.058, 41557.06),
(102, 3, 'USD/CAD', 1.2517, 44724.39),
(103, 6, 'AUD/USD', 0.7472, 30831.86),
(104, 78, 'USD/EUR', 0.9355, 8141.55),
(105, 19, 'NZD/USD', 0.6515, 1771.29),
(106, 80, 'NZD/USD', 0.6054, 1958.64),
(107, 13, 'AUD/USD', 0.732, 33098.92),
(108, 30, 'AUD/USD', 0.6637, 42850.74),
(109, 75, 'USD/EUR', 0.9458, 45327.75),
(110, 25, 'GBP/JPY', 159.5336, 44746.05),
(111, 53, 'EUR/USD', 1.1325, 29487.1),
(112, 3, 'GBP/JPY', 155.3789, 15711.53),
(113, 73, 'USD/EUR', 0.9139, 19498.87),
(114, 22, 'GBP/JPY', 158.6913, 8538.57),
(115, 98, 'NZD/USD', 0.6703, 12527.59),
(116, 36, 'USD/CAD', 1.3383, 42104.53),
(117, 88, 'AUD/USD', 0.6697, 18266.75),
(118, 45, 'USD/JPY', 113.1951, 25361.96),
(119, 95, 'NZD/USD', 0.6119, 49656.83),
(120, 63, 'GBP/USD', 1.2152, 10174.26),
(121, 10, 'USD/CHF', 0.9004, 392.43),
(122, 5, 'AUD/USD', 0.6733, 4600.6),
(123, 22, 'GBP/USD', 1.2427, 20411.18),
(124, 14, 'GBP/USD', 1.2116, 18286.08),
(125, 46, 'EUR/JPY', 128.6281, 43150.12),
(126, 37, 'USD/CHF', 0.9845, 48120.13),
(127, 17, 'NZD/USD', 0.6808, 34655.91),
(128, 12, 'EUR/USD', 1.1219, 22720.88),
(129, 53, 'USD/CAD', 1.3188, 43658.56),
(130, 66, 'GBP/USD', 1.235, 45473.88),
(131, 71, 'USD/CHF', 0.9925, 41561.84),
(132, 95, 'GBP/JPY', 157.754, 20607.53),
(133, 77, 'USD/JPY', 113.7186, 41398.97),
(134, 65, 'NZD/USD', 0.6029, 14743.55),
(135, 91, 'USD/EUR', 0.9046, 30259.54),
(136, 11, 'USD/CHF', 0.9807, 34183.65),
(137, 88, 'USD/CAD', 1.3299, 25463.03),
(138, 24, 'USD/EUR', 0.871, 1719.79),
(139, 26, 'NZD/USD', 0.6913, 40413.23),
(140, 97, 'EUR/JPY', 129.7856, 11161.03),
(141, 90, 'NZD/USD', 0.6503, 18565.39),
(142, 84, 'USD/EUR', 0.9253, 2372.71),
(143, 69, 'AUD/USD', 0.7288, 45197.36),
(144, 71, 'EUR/USD', 1.123, 35013.58),
(145, 16, 'USD/CAD', 1.3493, 41109.44),
(146, 30, 'NZD/USD', 0.6798, 45866.87),
(147, 78, 'USD/CAD', 1.2707, 29367.17),
(148, 91, 'USD/JPY', 112.6784, 35009.73),
(149, 16, 'EUR/JPY', 129.8179, 30564.18),
(150, 26, 'EUR/JPY', 130.8591, 8649.62),
(151, 36, 'GBP/USD', 1.2929, 1516.14),
(152, 97, 'USD/CHF', 0.961, 16824.17),
(153, 80, 'EUR/JPY', 132.3538, 31512.78),
(154, 62, 'GBP/USD', 1.2502, 24632.29),
(155, 72, 'AUD/USD', 0.7044, 3828.03),
(156, 13, 'NZD/USD', 0.6724, 41655.33),
(157, 14, 'USD/CAD', 1.2527, 42474.11),
(158, 86, 'EUR/JPY', 130.2228, 23758.29),
(159, 75, 'EUR/USD', 1.0545, 39330.43),
(160, 67, 'EUR/JPY', 129.2816, 26725.91),
(161, 45, 'NZD/USD', 0.6367, 18817.99),
(162, 89, 'USD/CHF', 0.9626, 23376.93),
(163, 87, 'AUD/USD', 0.7229, 46307.07),
(164, 95, 'EUR/JPY', 132.1738, 39943.83),
(165, 37, 'USD/CAD', 1.3407, 43899.38),
(166, 62, 'AUD/USD', 0.7013, 14223.42),
(167, 28, 'EUR/JPY', 128.8063, 26905.84),
(168, 19, 'GBP/JPY', 153.4097, 4112.77),
(169, 38, 'AUD/USD', 0.685, 8964.8),
(170, 56, 'GBP/JPY', 158.3693, 21860.84),
(171, 7, 'NZD/USD', 0.6637, 22763.61),
(172, 14, 'EUR/USD', 1.0733, 2845.51),
(173, 90, 'NZD/USD', 0.6815, 3586.63),
(174, 72, 'USD/CHF', 0.9395, 49141.62),
(175, 28, 'USD/EUR', 0.8669, 22102.22),
(176, 50, 'EUR/JPY', 130.8256, 48591.83),
(177, 4, 'EUR/JPY', 132.5551, 14474.43),
(178, 13, 'EUR/JPY', 129.8996, 19054.49),
(179, 75, 'NZD/USD', 0.6758, 26262.02),
(180, 76, 'GBP/USD', 1.2912, 16940.94),
(181, 94, 'USD/JPY', 114.7442, 41328.18),
(182, 15, 'EUR/USD', 1.1172, 3895.96),
(183, 100, 'GBP/USD', 1.2872, 8704.63),
(184, 21, 'GBP/JPY', 154.2618, 15331.02),
(185, 52, 'EUR/USD', 1.127, 13271.13),
(186, 29, 'USD/EUR', 0.8958, 43425.59),
(187, 70, 'USD/EUR', 0.876, 27188.62),
(188, 68, 'USD/JPY', 111.9087, 17913.37),
(189, 15, 'USD/JPY', 110.0771, 43543.2),
(190, 51, 'AUD/USD', 0.6727, 25862.3),
(191, 11, 'USD/CHF', 0.9302, 11226.02),
(192, 69, 'GBP/JPY', 158.1829, 38382.64),
(193, 75, 'USD/CHF', 0.9269, 333.74),
(194, 100, 'AUD/USD', 0.6944, 23533.08),
(195, 78, 'AUD/USD', 0.7081, 28808.07),
(196, 95, 'USD/CAD', 1.2984, 18718.03),
(197, 79, 'NZD/USD', 0.6508, 19495.59),
(198, 92, 'EUR/JPY', 132.0532, 11113.82),
(199, 66, 'USD/EUR', 0.9398, 27770.24),
(200, 28, 'GBP/USD', 1.2355, 22198.46);
